Sample_id	EarlyTumor	MidlateTumor	LateTumor
NCI-EP-096	0.615238341	0.195750366	0.189011292
NCI-SCLC-001	0.331833801	0.259810366	0.408355833
NCI-SCLC-003	0.596463736	0.403536264	0
NCI-SCLC-004	0.444551231	0.555448769	0
NCI-SCLC-006	0.545654523	0.283753839	0.170591639
NCI-SCLC-007	0.554644999	0.176335727	0.269019274
NCI-SCLC-008	0.148573008	0.468249774	0.383177217
NCI-SCLC-009	0.501483866	0.157378142	0.341137992
NCI-SCLC-010	0.603693342	0.294481679	0.101824979
NCI-SCLC-013	0.416316889	0	0.583683111
NCI-SCLC-015	0.508163422	0	0.491836578
NCI-SCLC-017	0.347883535	0.237863888	0.414252577
NCI-SCLC-019	0.606990029	0.144221553	0.248788418
NCI-SCLC-020	0.602178366	0.359947193	0.037874441
NCI-SCLC-022	0.603838479	0.218336911	0.17782461
NCI-SCLC-023	0.586243357	0.329034029	0.084722614
NCI-SCLC-024	0.398133468	0.331380335	0.270486197
NCI-EP-089	0.62181212	0.037273757	0.340914123
NCI-EP-090	0.456606322	0.14848658	0.394907098
NCI-SCLC-025	0.5276955	0.074119186	0.398185314
NCI-EP-091	0.208479645	0	0.791520355
NCI-SCLC-026	0.42327177	0.284736642	0.291991588
NCI-EP-092	0.59107972	0	0.40892028
NCI-SCLC-027	0.409646988	0	0.590353012
NCI-EP-093	0.048345613	0	0.951654387
NCI-SCLC-028	0.321396654	0.105555368	0.573047978
NCI-SCLC-030	0.580077591	0.227385781	0.192536628
NCI-SCLC-031	0.542639366	0.340003171	0.117357463
NCI-EP-097	0.538294459	0.374650591	0.08705495
NCI-SCLC-032	0.318155801	0.25881837	0.42302583
NCI-SCLC-033	0.537190765	0.159713149	0.303096086
NCI-SCLC-034	0.438203566	0.175709291	0.386087143
NCI-SCLC-035	0.19274761	0	0.80725239
NCI-SCLC-036	0.54772044	0.348787328	0.103492232
NCI-SCLC-038	0.439492772	0.306149993	0.254357235
NCI-EP-098	0.174060669	0	0.825939331
NCI-SCLC-039	0.401539259	0	0.598460741
NCI-SCLC-042	0.552488649	0	0.447511351
NCI-EP-095	0.548786422	0	0.451213578
NCI-SCLC-047	0.590068824	0.10223066	0.307700516
NCI-SCLC-048	0.193290395	0.207340747	0.599368858
NCI-SCLC-049	0.577020279	0.012969785	0.410009936
NCI-EP-100	0	0.346148018	0.653851982
NCI-SCLC-051	0.108405495	0	0.891594505
NCI-SCLC-052	0.160596025	0.275782019	0.563621956
NCI-SCLC-053	0.326348083	0.225215157	0.44843676
NCI-SCLC-054	0.575222428	0.244301187	0.180476386
NCI-SCLC-063	0.548384351	0.264763653	0.186851996
NCI-SCLC-064	0.63452716	0.26996236	0.09551048
NCI-SCLC-066	0.719352166	0.173514896	0.107132939
NCI-SCLC-067	0.1176921	0.28251238	0.59979552
NCI-SCLC-068	0.527420566	0.408655413	0.063924021
NCI-SCLC-071	0.633034853	0.339813493	0.027151654
NCI-SCLC-073	0.308832656	0.136713152	0.554454192
NCI-SCLC-074	0.448097396	0	0.551902604
NCI-SCLC-076	0.621953684	0.35834469	0.019701626
NCI-SCLC-055	0.511587711	0	0.488412289
NCI-SCLC-077	0.62467016	0	0.37532984
NCI-SCLC-078	0.601102304	0	0.398897696
NCI-SCLC-080	0.458250241	0.206921821	0.334827938
NCI-SCLC-081	0.530757578	0.268563802	0.20067862
NCI-SCLC-083	0.342214537	0.021399022	0.636386441
NCI-SCLC-056	0.196780639	0.053142456	0.750076905
NCI-SCLC-084	0.657573213	0.327741393	0.014685394
NCI-SCLC-085	0.294616342	0.534479176	0.170904482
NCI-SCLC-087	0.624543586	0.353810902	0.021645512
NCI-SCLC-088	0.284033329	0.49705981	0.218906861
NCI-SCLC-057	0.580732466	0.419267534	0
NCI-SCLC-059	0.147085578	0.647303937	0.205610484
NCI-SCLC-060	0.401621172	0	0.598378828
NCI-SCLC-061	0.605051137	0.032082229	0.362866634
NCI-SCLC-062	0.595881964	0.280812073	0.123305963
